iTransformer:
mse: 0.06213104724, mae: 0.19252760708332062 (early stopping)

TimeMixer:
mse:0.05293740704655647, mae:0.1844358742237091 (label_len = 12)
mse:0.05293303355574608, mae:0.1844359189271927 (label_len = 0)



